# 100 
-0.540327
0.206133
0.294884
-0.288440
-0.979081
-0.083269
-1.003481
-0.526566
0.329193
0.512857
0.106739
2.183037
-0.236406
-0.088243
0.356016
0.592252
0.579904
0.343420
-0.266022
0.728027
-0.730153
-0.841079
-0.252192
-0.858818
1.001071
1.799581
0.469329
0.340390
1.437503
-0.488665
-0.359496
-0.302262
-1.266416
-1.023397
-0.233402
0.491183
0.495888
0.542859
-0.125826
-0.519998
0.103312
-1.243114
0.782457
-1.118439
0.147473
-1.401028
-0.600941
-1.083312
0.009176
-0.310643
1.389669
-0.653876
0.795060
-0.425793
1.245692
0.554222
0.690429
-0.741295
-0.043690
1.033478
0.069999
-0.507183
1.109067
-0.260617
0.144149
0.305429
0.337517
-1.197113
0.266736
0.341324
0.274666
-0.157179
0.315683
0.463278
-0.139400
0.302178
-0.824266
-0.837904
-0.155915
-0.330283
-0.531930
1.120940
0.939586
0.564698
-0.780607
1.344553
0.134803
-0.005576
0.332079
0.014516
-0.476552
-0.197488
0.042610
0.123675
-0.817377
-0.029652
-0.132680
-1.053864
-0.405682
0.661909
